Presence matrix (1=sent proto, 0=not sent)
cid |  0  1  2  3  4  5  6  7  8  9 | #classes
----------------------------------------------
  0 | 1  1  1  1  1  1  1  1  1  1 | 10
  1 | 1  1  1  0  1  1  1  1  1  1 | 9
  2 | 1  1  1  1  1  1  1  1  0  1 | 9
  3 | 0  1  1  1  1  1  1  1  1  1 | 9
  4 | 1  1  1  1  1  1  1  1  1  1 | 10
  5 | 1  1  1  0  1  0  1  1  1  1 | 8
  6 | 0  1  1  1  1  1  1  1  1  0 | 8
  7 | 1  1  1  1  0  1  0  1  1  1 | 8
  8 | 1  1  1  1  1  1  1  1  1  1 | 10
  9 | 0  1  1  1  1  1  1  1  1  1 | 9
 10 | 1  1  1  0  1  1  1  1  0  1 | 8
 11 | 1  0  1  1  1  1  1  1  1  1 | 9
 12 | 1  1  1  1  1  1  1  1  1  1 | 10
 13 | 1  1  1  1  1  1  1  1  1  1 | 10
 14 | 1  1  1  1  1  1  1  1  1  1 | 10